1112863,496787,1020600,2000000
2980210,1712427,2946825,1712605
2799204,1425283,2946825,1712605
3999908,2754283,4064129,2651511
760990,1455625,1020600,2000000
3996490,3239979,4064129,2651511
3347352,3603589,3621840,3614596
2888433,2337157,2946825,1712605
3423261,2191958,3153728,1862250
1160237,3999960,109153,3585462
693519,3701289,109153,3585462
2615270,2824808,2554122,2935074
3046971,1755494,2946825,1712605
139591,1186912,1020600,2000000
2309134,47090,3211831,-792661
1849154,1377259,2946825,1712605
2515971,2851853,2554122,2935074
2524614,2738138,2554122,2935074
3811778,1370280,3153728,1862250
2615590,3819371,2554122,2935074
3996286,3719213,3621840,3614596
3963152,2368927,4064129,2651511
3495504,3076982,3621840,3614596
3725521,2560764,4064129,2651511
952643,2385401,1020600,2000000
3934384,2596106,4064129,2651511
3060628,3082730,2554122,2935074
3468382,3916817,3621840,3614596
3300107,469364,3211831,-792661
2306388,1932261,2946825,1712605
1965,3514070,109153,3585462
3081537,1841861,3153728,1862250
2997643,1729779,2946825,1712605
21714,3624181,109153,3585462
1549467,3109269,2554122,2935074
3722307,3839410,3621840,3614596
3848580,3544878,3621840,3614596
1189516,2153239,1020600,2000000
468190,1889204,1020600,2000000
270403,2762568,109153,3585462
